$ANSIBLE_VAULT;1.1;AES256
36616238633935306433663238353965613032343431623262323466373064366464393331383533
3539626434343866306532653831663865633131363939350a613234353331396661663332343039
62376233326631336662643361393636386565653636386465343064386535376332633839303663
6533623032366330350a653132666630636339653232623166343063363764356332643363333235
36363664383264623766613165363736393338663962303330613165366631373035343834663433
30333230653232636232333634636162626135316537643430346632353732626461383639633364
37356234373561313439376130313630643830383062353534363739633966366662636639336539
35393339613530613461303231643531306165623334616338313837303233306333313530306566
63663462636235316336643561353534303838356435643438383331353432626437336230373636
64316439353430353630613663643339303234363735336366623161326666613362613631663533
34383238656432353962626331343334643339643766323834303861663365323139376336636333
34363266663663363637643730376161636134336366306631653430663636306465386232356561
38396465656533616535623061623237326333613462653537623738363237623935333137386236
38333830306636656464653464313234333138376466363961663339333532356136343366323139
31323263643336643036636630343733663539643532656230326565383736323062313534616364
39346635616231323431336437663332353761313333666363343530393065656666316434646166
38353830333139653230613139336132323761346363376562303732333032663432653130393566
35383862626230656135636363376631663765616134326539306335616231373330323837333731
62643735333764623335383464306238313661616631633830626233306432346461616537656362
30333537386465613863363936343134393962373662626464386238636362626630356564363333
61353534303965303238333363663938643439656630623438646362626264636536383433653538
34313930643232313663663963383239643661316633663666383638306430653733376232326564
66646133343362623133373339336562323733313034363564396339643639343033653431363537
30393761383636333563313463333738306537383234373937353165656464393261353735333131
33663231623039336339643166646466383436643831613534646130333666646534356165333831
61306161613564333466636464663836336532303532616663633062363937306461323665666131
32393639356365393165356563343163386233336238663635366566363837303530613830306237
64353738656230316665326163326230613239313831386434356166353338613836363964393430
31313035313266363766393331323563383031623866366232343262633337656639653136333534
39666561653036306564366533626638393339613937656635363062373436356635373361313365
31656530613234663863353865626364616232613464383762613262363334636133323734303131
34616133303136386663306436303430616438366334356362396331633436343233363739356139
34343935333361373430646236653032386634356134663431376335393863653731653437636330
62393235643433333236616366366435333865626330666665353039326662616632653062373239
30326636663739316261393338333636633130653633346564626139393364356133336433613933
35396633616630333733353463626130373263353861373565343238653932376264346130373238
35313032373634666664316334643235633039383165653135623235323931643430623335323662
38363166306166333632346537323536626633656331306638373230663934333232353133326564
39353134643661393835336261656235333036666265613261393464313038623338376233633539
38373235663836656635653330613335313432626166303663626433653462343230396639616632
65353038336161363138353262656563653537636137376163343763653236333865373966616161
64656538393162653865373639393439333264323065383061333763356462666237616564313736
65343531613937653932663565663339653331646438373839633664333066613338613965653039
32313364336433303065616434343037313734653133396631643565313637306466623033613164
36303630393133663632653961633536373034633866646466613336613431376239316262353363
30613566646534306138613666613861653366376534613732373231373436346638656631666562
66333536373231323231346164316532396439396431656564616439636262636531376430396632
39623663383933383835363834646436326639653665356530323431646536363336393631336335
31313865393361623062356562643134623963613939376263653265326333373164333465393161
38636462623761616366363131333863653338323962613332613565656265323632323364303561
61383234356364646562303237653238383231313233616437353837383561333535333763316132
30306562306635343163626538653938376430383936363033366239336138343337616434633330
36343462626335626632646165316365663066343532636634626137633238613137383631643832
66663533373835316330623235316439396461343662343238656363306134376437336466343330
66386565333737363836623033653237626338363365386334633562346261393039343361356161
31666339333933643438313733643339346365373034643034343530316361633739303337316637
64343033613536333835626439326136626436326634396337336332323232326435663739393363
30303336303835346163656335386364616636343566643237313931353031343361303933303039
33613638376336376465656362613036666666616131616462616530633161623437613836326235
30336162383962616262633332633761393631616636326439663062336466646538666135336163
31383363646464633932643334303861343764666131346266633730313534343537376238616238
35303838333337316331333938343761396539313337366335633965363434633337616133323531
35653739326631383930663932396138393063363965323133393436643364386366343937356231
62303531616134393964626462366131363263343266333466653563613231326435373938386165
36306332316135616265633566333338373931386636323463306263623764303066306161623664
36343063393766383935616337303662346436303435303061666334316432386664396334666263
33326335623762663030616262373031316165656136393464383538396264313832663432646561
34613537336633613933646464613833323531383137393133666236646135346666346562326230
34343437393462393035356331353961626166363531323565653135653632656536663835643630
30663264643337633231653333343831626564383761386461623237313238373637653961336536
63373435313133356364663336633164353166656433336661353233633266633533323532393561
61373038623831356133656361656364326262343239376136616435386239366331373738643864
33646538363339383037616665303933336533383236666262623665386331633432316165353566
61636331303466646131333237366336313663663363656630366536643965643164633061613965
62353333373239393061316231386530383363346366373031373162636130613662636561343638
63666233386263326132343231656361303062353862333730363134303661643864663933343137
36613737373032613632666332303538363861363661326562623339383563343439613762646564
38313464646337393863646135643164643539346331646537373034333865623739306163643030
34653261653837613661366433623739373934353939653731303730666363373533643264643464
66303266626163303839303039343966336637393266383735306665623130396331306663333036
38366365333065386139663065353161316332636232636437346639613666333030373365613337
62353636356431623266633063613138626436346132363763636333353065323935653538396637
32663432613764353431636363613063373734666362373239666331653465303732383739353663
64313739633630616332666138376661313661663630383439323436656536353030306166396137
63353535373437633666326534376133383362303839376234336234313861353266633333656465
31346234383031633737643434636436366632393064373530396132343236666136366563363162
32396363393235656436613334653939373265333231623762343730646534666235383362376562
66353639653332656233393066626335376537356635346638656339313837323839313562636562
31313166633637386432393364613665646636386336613238646332633630396565333366653464
30616162623633386463323264386434316631356537393365386262346664643631333530656561
35643362323631353536613039373533326539303633373863373062343735383532653064353539
63303266343832383832326439643636663538393335343964666331383130653761386464623361
33316130633431663339376336316637336336346339333463663038326238373034396261646633
36316463386562343133323765343130363861653935353130636235643061343534333631653330
62616664396465343731313562383965323464626230383632623561396537663265643434366664
34306133383934636336633531643837326232366632303734346661633865333739316230303964
64663834656633366261653938623133376535303961663735643835663166663166393939616634
63386363343265386536313866613861373234653136663865363030396165613337656637323061
34616430353135643939303862313232393731333835626362336531313430623135333063616536
63366238316434313962623063373038383030326264623636653864633931633065653836656139
39373635613837663230396362383232336333303232323631656534393138383761323333333232
63373133376134323065313930373362306230356139323866626538346636653736323665653532
33393935393438396364376635613332396430653934326236373061653161363231383230613331
35323261363364366131653939353830396238363464386338636565646336386637663962373563
31626433383230393138393939623963366164626430373230356532383437666466623066393430
31643030376239366630386430323361646136306635646331636364323263363963613338656336
35363164313561383733373234613537333132373638333932636537353333656536653539346134
38633930646333353733333065613632373339346435636337366166333336346437383037353562
33306131656332376635336364663738633739376434326265343463333666663534303266643138
64363432376630623835386564303765316662653731353165386137353339613237343834623362
64646262663034333933323438383962616165373935636130393336333561613762643963656462
34653030383561323064393439623564363938626236666363323830363331383136626135616163
36623039323564396661656161353031643565323931613264353136306432643762323239343235
37633065346264616162613537623231326234653766393631616161656133643537333934613730
38363134316563643763386561313030613662666238656635393133636434343638313239336266
30366236646631386664643830373338323163656231373838383433653439633864643836626132
63333261636438623566663663643332343733363430623032373230376339633638366338333061
66356635303133626663353239653737656438663564613130626537363931336536363632656533
30643230633239383861323261623463663730663537356661303332653462393161646463353730
32393436616534346136376365323731343435643433633432313465303263336163646437373433
64343933663137636434386530376664323235633530633965336333383636383365323532363362
37633931313533343865396562393033306635333233383430373331623831366138343939393131
32666631323061303131376436316164303636356435663638313834646336346633343130386264
30643762666264383131363830616663623063623363616565356135663864636534623439313165
35313335303033653061366332393262373838633961313065623135633131356366653038643662
36623834643830306563316263376539383332323732653136303038343539626437383433633531
34306432343664623630643539353739326263396531373030616630303630373161633266613261
65386462366233616132303732383436643961306366346136376637306639653239333664653834
38353437623838356164316264346366633465633735386430346262616234366337343130636439
30396439616363633962376262613730343961666235323131333334306266643766343761396239
65633466373532663433373462343934636235333236666134613630323936643066356133613538
36643635373966636334386362366361366234383864393563303737333932376433326334316365
31356632366365343661356562643332336535643466333537396330313364366164316336386130
66613332313639643537393264663837303034643535353964343833303036343632643963333536
303261393665393431393164366265393561
